1 0 1234
1 1 1235 7891
2 0 1236 1237
0 0
1 1 1238 7892
1 1 1239 7893
0 1 7894
1 0 1240
0 0
1 0 1241
1 0 1242
0 2 7895 7896
1 1 1243 7897
1 1 1244 7898
2 0 1245 1246
0 0
0 1 7899
0 1 7900
1 0 1247
0 0
1 1 1248 7901
0 1 7902
0 2 7903 7904
3 3 1249 1250 1251 7905 7906 7907
1 1 1252 7908
1 0 1253
1 1 1254 7909
0 1 7910
0 0
0 0
2 0 1255 1256
0 1 7911
1 0 1257
0 1 7912
0 2 7913 7914
0 0
1 0 1258
0 1 7915
0 1 7916
0 1 7917
1 0 1259
1 0 1260
1 1 1261 7918
2 1 1262 1263 7919
1 1 1264 7920
0 0
0 0
1 0 1265
0 1 7921
1 1 1266 7922
1 0 1267
1 1 1268 7923
2 0 1269 1270
0 0
1 1 1271 7924
1 1 1272 7925
0 1 7926
1 0 1273
0 0
1 0 1274
1 0 1275
0 2 7927 7928
1 1 1276 7929
1 1 1277 7930
2 0 1278 1279
0 0
0 1 7931
0 1 7932
1 0 1280
0 0
1 1 1281 7933
0 1 7934
0 2 7935 7936
1 1 1282 7937
1 1 1283 7938
1 0 1284
1 1 1285 7939
0 1 7940
0 0
0 0
2 0 1286 1287
0 1 7941
1 0 1288
0 1 7942
0 2 7943 7944
0 0
1 0 1289
0 1 7945
0 1 7946
0 1 7947
1 0 1290
1 0 1291
1 1 1292 7948
2 1 1293 1294 7949
1 1 1295 7950
0 0
0 0
1 0 1296
0 1 7951
1 1 1297 7952
0 1 7953
1 0 1298
1 0 1299
1 1 1300 7953
2 1 1301 1302 7954
1 1 1303 7955
0 0
1 0 1304
